G	P1D	P1L	P1Fs	P1Ts	P1DTs	P1Fit	P1Behav	P2D	P2L	P2Fs	P2Ts	P2DTs	P2Fit	P2Behav	CD	CL	CFs	CTs	CDTs	CFit	CBehav	Mod_D
1	1	3	1	2	2	10.0	31.25	4	10	4	6	5	8.0	25.0	4	10	4	6	5	8.0	25.0	1
1	2	8	3	5	3	8.0	25.0	2	7	3	4	4	10.0	31.25	3	10	4	6	5	5.0	15.625	2
1	2	8	3	5	3	8.0	25.0	2	7	3	4	4	10.0	31.25	2	5	2	3	3	8.0	25.0	1
1	4	50	20	30	5	8.0	25.0	1	4	1	3	3	10.0	31.25	2	7	2	5	4	8.0	25.0	1
1	3	8	3	5	2	10.0	31.25	2	6	2	4	3	8.0	25.0	2	6	2	4	3	8.0	25.0	1
1	2	6	2	4	4	10.0	31.25	2	10	4	6	4	8.0	25.0	2	5	2	3	3	8.0	25.0	2
1	2	7	3	4	4	10.0	31.25	3	9	4	5	4	8.0	25.0	2	5	2	3	3	8.0	25.0	1
1	3	8	3	5	4	10.0	31.25	1	4	1	3	2	10.0	31.25	3	9	3	6	3	8.0	25.0	3
1	1	4	1	3	3	10.0	31.25	2	6	2	4	3	8.0	25.0	2	6	2	4	3	8.0	25.0	1
1	3	9	4	5	4	8.0	25.0	2	5	2	3	3	8.0	25.0	3	9	4	5	5	7.0	21.875	3
1	1	3	1	2	2	10.0	31.25	2	5	2	3	3	8.0	25.0	2	5	2	3	3	8.0	25.0	1
1	5	25	13	12	4	10.0	31.25	3	9	4	5	4	8.0	25.0	5	11	6	5	5	7.0	21.875	3
1	3	8	3	5	2	10.0	31.25	5	57	29	28	5	9.0	28.125	5	54	26	28	5	7.0	21.875	2
1	2	6	2	4	2	10.0	31.25	1	4	1	3	3	10.0	31.25	3	9	3	6	4	8.0	25.0	2
1	1	4	1	3	3	10.0	31.25	2	5	2	3	3	8.0	25.0	2	5	2	3	3	8.0	25.0	1
1	2	5	2	3	3	8.0	25.0	5	57	29	28	5	9.0	28.125	5	56	28	28	5	7.0	21.875	4
1	4	10	4	6	5	8.0	25.0	2	6	2	4	2	10.0	31.25	4	10	4	6	4	8.0	25.0	2
1	3	9	4	5	4	8.0	25.0	2	6	2	4	4	10.0	31.25	5	14	6	8	5	8.0	25.0	2
1	3	9	4	5	4	8.0	25.0	2	5	2	3	3	8.0	25.0	3	9	4	5	5	7.0	21.875	3
1	2	6	2	4	4	10.0	31.25	3	17	8	9	4	8.0	25.0	3	12	5	7	4	8.0	25.0	2
1	3	8	3	5	2	10.0	31.25	5	57	29	28	5	9.0	28.125	2	5	2	3	3	8.0	25.0	2
1	3	8	3	5	2	10.0	31.25	5	57	29	28	5	9.0	28.125	6	60	30	30	5	8.0	25.0	5
1	2	5	2	3	3	8.0	25.0	2	6	2	4	4	10.0	31.25	3	7	3	4	4	8.0	25.0	2
1	2	5	2	3	2	10.0	31.25	5	122	58	64	5	10.0	31.25	5	121	57	64	5	9.0	28.125	4
1	4	12	6	6	4	8.0	25.0	5	57	29	28	5	9.0	28.125	7	61	32	29	5	8.0	25.0	4
1	4	12	6	6	4	8.0	25.0	5	25	13	12	4	10.0	31.25	5	14	7	7	5	8.0	25.0	3
1	2	7	2	5	3	8.0	25.0	1	4	1	3	2	10.0	31.25	2	7	2	5	3	8.0	25.0	1
1	2	6	2	4	3	8.0	25.0	6	12	6	6	4	10.0	31.25	3	8	3	5	3	8.0	25.0	2
1	2	10	4	6	4	8.0	25.0	2	5	2	3	3	8.0	25.0	3	11	5	6	4	6.0	18.75	2
1	1	4	1	3	3	10.0	31.25	2	6	2	4	4	10.0	31.25	2	6	2	4	3	8.0	25.0	2
1	5	48	25	23	5	15.0	46.875	1	3	1	2	2	10.0	31.25	5	42	22	20	5	13.0	40.625	3
1	1	3	1	2	1	10.0	31.25	2	5	2	3	3	8.0	25.0	2	5	2	3	3	8.0	25.0	1
1	2	7	3	4	4	10.0	31.25	4	50	20	30	5	8.0	25.0	4	51	20	31	5	6.0	18.75	4
1	4	50	20	30	5	8.0	25.0	3	9	4	5	4	8.0	25.0	5	53	22	31	5	7.0	21.875	4
1	2	6	2	4	3	8.0	25.0	1	4	1	3	3	10.0	31.25	2	6	2	4	3	8.0	25.0	1
1	6	136	70	66	5	10.0	31.25	2	7	2	5	3	8.0	25.0	7	139	71	68	5	9.0	28.125	6
1	4	26	13	13	5	11.0	34.375	2	7	3	4	4	10.0	31.25	4	20	10	10	5	10.0	31.25	3
1	2	7	3	4	4	10.0	31.25	2	6	2	4	4	10.0	31.25	3	9	4	5	4	8.0	25.0	2
1	3	25	11	14	5	10.0	31.25	3	25	11	14	5	10.0	31.25	3	25	11	14	5	8.0	25.0	3
1	1	3	1	2	2	10.0	31.25	2	5	2	3	3	8.0	25.0	2	5	2	3	3	8.0	25.0	1
1	6	136	70	66	5	10.0	31.25	5	57	29	28	5	9.0	28.125	7	143	73	70	5	9.0	28.125	6
1	5	25	13	12	4	10.0	31.25	2	10	4	6	4	8.0	25.0	5	31	15	16	5	8.0	25.0	4
1	2	6	2	4	4	10.0	31.25	2	6	2	4	4	10.0	31.25	3	11	4	7	5	8.0	25.0	1
1	2	7	2	5	3	8.0	25.0	2	7	3	4	4	10.0	31.25	3	11	4	7	4	8.0	25.0	2
1	4	26	13	13	5	11.0	34.375	5	48	25	23	5	15.0	46.875	5	49	25	24	5	14.0	43.75	5
1	4	12	6	6	4	8.0	25.0	6	136	70	66	5	10.0	31.25	4	15	7	8	4	6.0	18.75	2
1	1	3	1	2	2	10.0	31.25	2	6	2	4	4	10.0	31.25	2	5	2	3	3	8.0	25.0	2
1	2	6	2	4	2	10.0	31.25	2	5	2	3	3	8.0	25.0	2	5	2	3	3	8.0	25.0	1
1	2	6	2	4	4	10.0	31.25	2	10	4	6	4	8.0	25.0	3	15	6	9	5	9.0	28.125	1
1	1	3	1	2	1	10.0	31.25	2	5	2	3	3	8.0	25.0	2	5	2	3	3	8.0	25.0	1
2	4	15	7	8	4	6.0	18.75	3	11	4	7	3	8.0	25.0	8	61	26	35	5	5.0	15.625	2
2	3	9	4	5	5	7.0	21.875	4	51	20	31	5	6.0	18.75	5	51	21	30	5	5.0	15.625	4
2	2	6	2	4	3	8.0	25.0	3	11	4	7	3	8.0	25.0	3	11	4	7	4	6.0	18.75	3
2	4	50	20	30	5	8.0	25.0	3	11	4	7	4	8.0	25.0	4	51	19	32	5	6.0	18.75	3
2	2	7	3	4	3	8.0	25.0	6	138	71	67	5	10.0	31.25	6	120	61	59	5	7.0	21.875	4
2	2	5	2	3	3	8.0	25.0	2	8	3	5	3	8.0	25.0	3	9	4	5	5	5.0	15.625	2
2	2	6	2	4	2	10.0	31.25	4	14	6	8	4	8.0	25.0	3	7	3	4	4	8.0	25.0	1
2	4	51	20	31	5	6.0	18.75	6	307	140	167	5	9.0	28.125	4	51	20	31	5	5.0	15.625	4
2	5	14	6	8	5	8.0	25.0	3	9	3	6	3	10.0	31.25	4	12	5	7	4	8.0	25.0	2
2	4	49	20	29	5	8.0	25.0	3	8	3	5	3	8.0	25.0	5	51	21	30	5	7.0	21.875	4
2	2	5	2	3	3	8.0	25.0	1	4	1	3	2	10.0	31.25	2	6	2	4	3	8.0	25.0	1
2	4	49	20	29	5	9.0	28.125	5	121	57	64	5	9.0	28.125	5	119	55	64	5	6.0	18.75	4
2	3	9	4	5	5	7.0	21.875	3	11	4	7	3	8.0	25.0	3	12	5	7	5	6.0	18.75	3
2	4	11	4	7	4	8.0	25.0	2	6	2	4	2	10.0	31.25	5	14	5	9	4	8.0	25.0	2
2	4	49	20	29	5	9.0	28.125	2	7	2	5	3	8.0	25.0	3	19	6	13	5	7.0	21.875	1
2	3	17	8	9	4	8.0	25.0	2	8	3	5	3	8.0	25.0	3	10	4	6	3	6.0	18.75	2
2	4	50	20	30	5	8.0	25.0	5	53	22	31	5	7.0	21.875	4	22	10	12	5	6.0	18.75	2
2	3	17	8	9	4	8.0	25.0	3	17	8	9	4	8.0	25.0	17	412	193	219	5	0.0	0.0	1
2	5	11	6	5	5	7.0	21.875	4	11	5	6	4	8.0	25.0	5	13	7	6	5	7.0	21.875	3
2	4	51	20	31	5	6.0	18.75	4	11	4	7	4	8.0	25.0	4	51	20	31	5	5.0	15.625	4
2	4	51	20	31	5	6.0	18.75	6	54	22	32	5	8.0	25.0	6	53	22	31	5	7.0	21.875	4
2	6	54	22	32	5	8.0	25.0	4	11	4	7	4	8.0	25.0	7	61	25	36	5	7.0	21.875	4
2	3	7	3	4	3	8.0	25.0	4	11	4	7	4	8.0	25.0	5	12	5	7	5	7.0	21.875	3
2	2	6	2	4	3	8.0	25.0	2	6	2	4	3	8.0	25.0	4	11	4	7	5	7.0	21.875	2
2	4	15	7	8	4	6.0	18.75	4	51	20	31	5	6.0	18.75	4	42	17	25	5	5.0	15.625	3
2	1	4	1	3	2	10.0	31.25	5	14	6	8	5	8.0	25.0	4	12	5	7	4	8.0	25.0	1
2	3	11	4	7	3	8.0	25.0	4	15	7	8	4	6.0	18.75	4	15	7	8	4	6.0	18.75	2
2	3	17	8	9	4	8.0	25.0	3	11	4	7	4	8.0	25.0	2	7	3	4	4	6.0	18.75	2
2	5	121	57	64	5	9.0	28.125	2	5	2	3	3	8.0	25.0	5	122	57	65	5	7.0	21.875	5
2	5	11	6	5	5	7.0	21.875	3	11	4	7	4	8.0	25.0	5	11	6	5	5	7.0	21.875	1
2	5	14	6	8	5	8.0	25.0	6	138	71	67	5	10.0	31.25	6	88	47	41	5	8.0	25.0	3
2	1	4	1	3	2	10.0	31.25	2	6	2	4	3	8.0	25.0	2	7	2	5	3	8.0	25.0	1
2	3	11	4	7	3	8.0	25.0	4	49	20	29	5	9.0	28.125	4	51	20	31	5	7.0	21.875	4
2	2	5	2	3	3	8.0	25.0	4	14	6	8	4	8.0	25.0	4	15	7	8	4	6.0	18.75	2
2	4	50	20	30	5	8.0	25.0	2	5	2	3	3	8.0	25.0	4	48	19	29	5	7.0	21.875	3
2	4	50	20	30	5	8.0	25.0	3	17	8	9	4	8.0	25.0	2	11	4	7	4	6.0	18.75	1
3	5	11	6	5	5	7.0	21.875	6	48	20	28	5	8.0	25.0	6	47	21	26	5	6.0	18.75	3
3	3	10	4	6	4	8.0	25.0	4	11	4	7	3	8.0	25.0	5	18	7	11	5	6.0	18.75	2
3	2	7	2	5	3	8.0	25.0	3	10	4	6	4	8.0	25.0	3	14	5	9	5	7.0	21.875	2
3	4	15	7	8	4	6.0	18.75	3	11	4	7	4	8.0	25.0	4	9	5	4	4	6.0	18.75	2
3	3	19	6	13	5	7.0	21.875	2	6	2	4	3	8.0	25.0	4	21	7	14	5	6.0	18.75	3
3	5	14	6	8	5	8.0	25.0	5	14	6	8	5	8.0	25.0	2	7	3	4	4	6.0	18.75	2
3	2	7	2	5	3	8.0	25.0	3	9	4	5	4	8.0	25.0	2	7	3	4	4	6.0	18.75	1
3	3	11	4	7	4	6.0	18.75	3	9	3	6	4	8.0	25.0	6	19	7	12	5	5.0	15.625	3
3	5	119	55	64	5	6.0	18.75	3	11	4	7	4	8.0	25.0	5	120	54	66	5	4.0	12.5	4
3	4	51	19	32	5	6.0	18.75	3	9	3	6	4	8.0	25.0	5	47	18	29	5	4.0	12.5	3
3	3	11	4	7	4	6.0	18.75	4	51	19	32	5	6.0	18.75	4	46	17	29	5	5.0	15.625	3
3	4	11	5	6	4	8.0	25.0	8	61	25	36	5	6.0	18.75	6	29	13	16	5	6.0	18.75	3
3	3	9	4	5	5	7.0	21.875	4	11	5	6	4	8.0	25.0	6	17	8	9	5	7.0	21.875	4
3	4	51	20	31	5	6.0	18.75	3	11	4	7	3	8.0	25.0	2	11	4	7	4	6.0	18.75	1
3	5	54	21	33	5	6.0	18.75	4	51	19	32	5	6.0	18.75	4	50	19	31	5	5.0	15.625	4
3	5	54	21	33	5	6.0	18.75	3	9	4	5	4	8.0	25.0	4	46	18	28	5	5.0	15.625	3
3	2	5	2	3	3	8.0	25.0	4	51	19	32	5	6.0	18.75	4	50	19	31	5	5.0	15.625	4
3	5	18	8	10	4	6.0	18.75	5	54	21	33	5	6.0	18.75	7	55	23	32	5	5.0	15.625	4
3	3	10	4	6	3	6.0	18.75	3	11	4	7	3	8.0	25.0	3	13	5	8	4	6.0	18.75	2
3	3	9	4	5	5	5.0	15.625	4	15	7	8	4	6.0	18.75	4	14	7	7	5	5.0	15.625	3
3	3	10	4	6	3	6.0	18.75	5	54	21	33	5	6.0	18.75	4	50	20	30	5	5.0	15.625	4
3	4	15	7	8	4	6.0	18.75	4	51	19	32	5	6.0	18.75	4	48	18	30	5	4.0	12.5	3
3	2	5	2	3	3	8.0	25.0	5	54	26	28	5	7.0	21.875	5	54	26	28	5	7.0	21.875	1
3	8	61	25	36	5	6.0	18.75	2	7	2	5	3	8.0	25.0	8	64	26	38	5	4.0	12.5	4
3	4	15	7	8	4	6.0	18.75	2	6	2	4	3	8.0	25.0	4	12	6	6	5	5.0	15.625	2
3	2	5	2	3	3	8.0	25.0	3	10	4	6	3	6.0	18.75	3	10	4	6	3	6.0	18.75	1
3	5	18	8	10	4	6.0	18.75	4	11	4	7	4	8.0	25.0	5	18	8	10	4	6.0	18.75	2
3	5	54	21	33	5	6.0	18.75	3	9	4	5	4	8.0	25.0	5	54	21	33	5	6.0	18.75	1
3	3	11	4	7	4	6.0	18.75	3	11	4	7	3	8.0	25.0	4	18	7	11	5	5.0	15.625	2
3	3	10	4	6	3	6.0	18.75	3	11	4	7	3	8.0	25.0	4	17	7	10	4	6.0	18.75	2
3	5	54	21	33	5	6.0	18.75	5	54	26	28	5	7.0	21.875	6	67	27	40	5	5.0	15.625	4
4	4	15	7	8	4	6.0	18.75	4	52	20	32	5	6.0	18.75	5	48	20	28	5	5.0	15.625	3
4	6	58	23	35	5	6.0	18.75	6	47	21	26	5	6.0	18.75	6	64	27	37	5	5.0	15.625	3
4	4	52	20	32	5	6.0	18.75	5	19	9	10	5	5.0	15.625	8	67	28	39	5	5.0	15.625	4
4	5	54	21	33	5	6.0	18.75	5	19	9	10	5	5.0	15.625	7	62	26	36	5	5.0	15.625	4
4	4	18	7	11	5	5.0	15.625	3	7	3	4	4	8.0	25.0	4	18	7	11	5	5.0	15.625	1
4	3	7	3	4	4	8.0	25.0	8	59	24	35	5	6.0	18.75	8	62	26	36	5	5.0	15.625	4
4	6	51	20	31	5	6.0	18.75	5	119	55	64	5	6.0	18.75	6	58	23	35	5	5.0	15.625	4
4	4	48	18	30	5	4.0	12.5	4	18	7	11	4	6.0	18.75	4	46	17	29	5	3.0	9.375	3
4	4	52	20	32	5	6.0	18.75	5	119	55	64	5	6.0	18.75	5	120	55	65	5	5.0	15.625	5
4	6	122	56	66	5	6.0	18.75	5	51	21	30	5	5.0	15.625	5	52	21	31	5	4.0	12.5	4
4	6	122	56	66	5	6.0	18.75	5	51	21	30	5	5.0	15.625	6	119	55	64	5	5.0	15.625	3
4	6	122	56	66	5	6.0	18.75	5	51	21	30	5	5.0	15.625	5	54	22	32	5	4.0	12.5	4
4	8	61	25	36	5	6.0	18.75	3	10	4	6	3	6.0	18.75	8	60	25	35	5	4.0	12.5	4
4	5	50	24	26	5	7.0	21.875	3	9	4	5	5	5.0	15.625	6	51	25	26	5	6.0	18.75	4
4	4	15	7	8	4	6.0	18.75	3	10	4	6	5	5.0	15.625	6	22	10	12	5	5.0	15.625	4
4	5	25	9	16	5	5.0	15.625	6	29	13	16	5	6.0	18.75	9	50	21	29	5	4.0	12.5	4
4	4	50	19	31	5	5.0	15.625	6	122	56	66	5	6.0	18.75	6	106	49	57	5	5.0	15.625	3
4	4	51	20	31	5	6.0	18.75	3	10	4	6	3	6.0	18.75	5	53	21	32	5	5.0	15.625	4
4	5	54	21	33	5	6.0	18.75	4	50	19	31	5	5.0	15.625	4	41	16	25	5	4.0	12.5	3
4	3	10	4	6	3	6.0	18.75	8	61	25	36	5	6.0	18.75	8	63	26	37	5	4.0	12.5	4
4	5	119	55	64	5	6.0	18.75	5	54	21	33	5	6.0	18.75	5	121	55	66	5	5.0	15.625	5
4	5	50	24	26	5	7.0	21.875	5	50	24	26	5	7.0	21.875	5	50	24	26	5	6.0	18.75	5
4	3	11	4	7	4	6.0	18.75	6	29	13	16	5	6.0	18.75	3	19	8	11	5	5.0	15.625	1
4	5	47	18	29	5	4.0	12.5	7	55	23	32	5	5.0	15.625	7	71	29	42	5	4.0	12.5	4
4	3	11	4	7	4	6.0	18.75	4	15	7	8	4	6.0	18.75	5	22	10	12	5	5.0	15.625	3
4	6	47	21	26	5	6.0	18.75	6	29	13	16	5	6.0	18.75	8	69	30	39	5	5.0	15.625	4
4	5	120	54	66	5	4.0	12.5	4	51	20	31	5	6.0	18.75	7	158	70	88	5	4.0	12.5	4
4	3	10	4	6	3	6.0	18.75	5	119	55	64	5	6.0	18.75	5	113	52	61	5	5.0	15.625	3
4	5	54	21	33	5	6.0	18.75	4	18	7	11	4	6.0	18.75	4	17	7	10	5	5.0	15.625	3
4	7	55	23	32	5	5.0	15.625	5	119	55	64	5	6.0	18.75	8	119	57	62	5	4.0	12.5	4
4	9	74	30	44	5	6.0	18.75	5	54	21	33	5	6.0	18.75	9	125	50	75	5	5.0	15.625	4
4	4	52	20	32	5	6.0	18.75	5	51	21	30	5	5.0	15.625	4	44	17	27	5	5.0	15.625	2
4	6	61	24	37	5	6.0	18.75	8	61	25	36	5	6.0	18.75	6	76	31	45	5	5.0	15.625	4
4	9	74	30	44	5	6.0	18.75	6	51	20	31	5	6.0	18.75	6	41	17	24	5	5.0	15.625	3
4	5	47	18	29	5	4.0	12.5	8	61	25	36	5	6.0	18.75	8	76	31	45	5	4.0	12.5	4
4	5	15	7	8	4	6.0	18.75	5	47	18	29	5	4.0	12.5	5	46	18	28	5	3.0	9.375	4
4	4	12	6	6	5	5.0	15.625	5	119	55	64	5	6.0	18.75	5	112	53	59	5	4.0	12.5	3
4	4	51	20	31	5	6.0	18.75	5	54	21	33	5	6.0	18.75	3	19	8	11	5	5.0	15.625	1
4	4	18	7	11	4	6.0	18.75	5	47	18	29	5	4.0	12.5	5	49	19	30	5	3.0	9.375	3
5	5	52	21	31	5	5.0	15.625	6	123	55	68	5	4.0	12.5	9	172	75	97	5	4.0	12.5	4
5	5	43	18	25	5	4.0	12.5	9	81	36	45	5	5.0	15.625	6	50	23	27	5	3.0	9.375	4
5	5	45	17	28	5	4.0	12.5	4	25	10	15	5	5.0	15.625	4	23	9	14	5	3.0	9.375	2
5	5	120	55	65	5	5.0	15.625	9	81	36	45	5	5.0	15.625	9	149	70	79	5	4.0	12.5	5
5	9	50	21	29	5	4.0	12.5	4	48	18	30	5	4.0	12.5	6	63	25	38	5	3.0	9.375	4
5	3	19	8	11	5	5.0	15.625	5	50	19	31	5	4.0	12.5	8	68	27	41	5	4.0	12.5	3
5	5	43	18	25	5	4.0	12.5	5	112	53	59	5	4.0	12.5	6	62	26	36	5	2.0	6.25	3
5	6	123	55	68	5	4.0	12.5	5	121	55	66	5	5.0	15.625	5	116	52	64	5	3.0	9.375	3
5	5	52	21	31	5	5.0	15.625	4	17	7	10	5	5.0	15.625	5	54	22	32	5	4.0	12.5	4
5	6	28	11	17	5	6.0	18.75	7	54	21	33	5	4.0	12.5	5	26	10	16	5	5.0	15.625	3
5	5	112	53	59	5	4.0	12.5	7	55	23	32	5	5.0	15.625	7	83	37	46	5	3.0	9.375	4
5	2	8	3	5	4	6.0	18.75	6	28	11	17	5	6.0	18.75	4	23	9	14	5	4.0	12.5	2
5	8	119	57	62	5	4.0	12.5	5	50	20	30	5	4.0	12.5	6	50	21	29	5	3.0	9.375	3
5	4	50	20	30	5	5.0	15.625	7	161	70	91	5	5.0	15.625	7	150	66	84	5	4.0	12.5	3
5	9	50	21	29	5	4.0	12.5	5	120	54	66	5	4.0	12.5	9	109	48	61	5	2.0	6.25	2
5	6	51	20	31	5	6.0	18.75	5	121	55	66	5	5.0	15.625	5	124	55	69	5	3.0	9.375	4
5	6	123	55	68	5	4.0	12.5	6	123	55	68	5	4.0	12.5	6	131	58	73	5	3.0	9.375	5
5	6	30	13	17	5	6.0	18.75	8	119	57	62	5	4.0	12.5	8	119	57	62	5	3.0	9.375	5
5	5	52	21	31	5	5.0	15.625	2	8	3	5	4	6.0	18.75	4	24	10	14	5	5.0	15.625	2
5	9	50	21	29	5	4.0	12.5	5	120	55	65	5	5.0	15.625	5	127	58	69	5	3.0	9.375	4
5	7	161	70	91	5	5.0	15.625	5	52	21	31	5	5.0	15.625	7	173	74	99	5	4.0	12.5	5
5	9	81	36	45	5	5.0	15.625	5	45	17	28	5	4.0	12.5	9	87	38	49	5	4.0	12.5	4
5	3	19	8	11	5	5.0	15.625	4	25	10	15	5	5.0	15.625	4	27	11	16	5	4.0	12.5	3
5	5	119	54	65	5	5.0	15.625	8	119	57	62	5	4.0	12.5	5	118	53	65	5	4.0	12.5	4
5	8	119	57	62	5	4.0	12.5	4	48	18	30	5	4.0	12.5	8	56	23	33	5	3.0	9.375	4
5	4	25	10	15	5	5.0	15.625	5	22	10	12	5	5.0	15.625	4	23	9	14	5	4.0	12.5	2
5	5	121	55	66	5	5.0	15.625	6	59	23	36	5	6.0	18.75	5	118	54	64	5	4.0	12.5	4
6	5	127	58	69	5	3.0	9.375	7	129	58	71	5	4.0	12.5	5	118	53	65	5	2.0	6.25	3
6	5	46	19	27	5	4.0	12.5	6	117	55	62	5	4.0	12.5	5	75	34	41	5	3.0	9.375	2
6	5	26	10	16	5	5.0	15.625	7	128	58	70	5	5.0	15.625	8	142	64	78	5	4.0	12.5	4
6	5	54	20	34	5	5.0	15.625	8	56	23	33	5	3.0	9.375	6	70	26	44	5	4.0	12.5	4
6	10	53	22	31	5	4.0	12.5	6	131	58	73	5	3.0	9.375	6	133	59	74	5	2.0	6.25	5
6	7	83	37	46	5	3.0	9.375	7	34	14	20	5	4.0	12.5	7	93	42	51	5	2.0	6.25	4
6	5	127	58	69	5	3.0	9.375	7	53	22	31	5	5.0	15.625	7	69	29	40	5	4.0	12.5	4
6	5	45	17	28	5	4.0	12.5	5	127	58	69	5	3.0	9.375	7	79	32	47	5	3.0	9.375	4
6	5	45	17	28	5	4.0	12.5	8	56	23	33	5	3.0	9.375	5	40	15	25	5	3.0	9.375	3
6	5	119	53	66	5	4.0	12.5	9	50	21	29	5	4.0	12.5	5	118	53	65	5	3.0	9.375	5
6	7	54	21	33	5	4.0	12.5	6	123	55	68	5	4.0	12.5	6	120	53	67	5	3.0	9.375	3
6	5	45	17	28	5	4.0	12.5	6	123	55	68	5	4.0	12.5	6	122	55	67	5	3.0	9.375	4
6	9	172	75	97	5	4.0	12.5	6	131	58	73	5	3.0	9.375	6	130	58	72	5	2.0	6.25	5
6	7	128	58	70	5	5.0	15.625	5	122	54	68	5	4.0	12.5	7	120	54	66	5	4.0	12.5	3
6	5	45	17	28	5	4.0	12.5	7	83	37	46	5	3.0	9.375	6	68	29	39	5	1.0	3.125	3
6	7	53	22	31	5	5.0	15.625	6	123	55	68	5	4.0	12.5	7	56	24	32	5	4.0	12.5	4
6	7	128	58	70	5	5.0	15.625	8	68	27	41	5	4.0	12.5	7	119	54	65	5	4.0	12.5	3
7	5	51	20	31	5	3.0	9.375	5	46	17	29	5	4.0	12.5	6	49	18	31	5	3.0	9.375	5
7	4	43	16	27	5	4.0	12.5	7	82	37	45	5	3.0	9.375	5	60	23	37	5	3.0	9.375	3
7	8	111	54	57	5	3.0	9.375	10	136	62	74	5	4.0	12.5	8	109	52	57	5	2.0	6.25	3
7	6	132	58	74	5	3.0	9.375	5	119	53	66	5	4.0	12.5	7	129	57	72	5	3.0	9.375	5
7	5	46	17	29	5	4.0	12.5	7	83	37	46	5	3.0	9.375	5	45	17	28	5	3.0	9.375	3
7	5	43	18	25	5	4.0	12.5	7	138	62	76	5	3.0	9.375	7	134	60	74	5	2.0	6.25	3
7	8	56	23	33	5	3.0	9.375	7	133	61	72	5	3.0	9.375	7	135	62	73	5	2.0	6.25	4
8	8	56	23	33	5	3.0	9.375	6	116	52	64	5	3.0	9.375	6	123	55	68	5	1.0	3.125	4
8	6	127	57	70	5	3.0	9.375	6	116	52	64	5	3.0	9.375	6	103	47	56	5	2.0	6.25	3
8	6	130	58	72	5	2.0	6.25	5	129	58	71	5	3.0	9.375	5	128	57	71	5	2.0	6.25	4
8	6	116	52	64	5	3.0	9.375	6	116	52	64	5	3.0	9.375	6	117	52	65	5	2.0	6.25	5
8	5	129	58	71	5	3.0	9.375	6	133	59	74	5	2.0	6.25	5	127	56	71	5	2.0	6.25	4
8	6	121	54	67	5	3.0	9.375	6	127	57	70	5	3.0	9.375	6	120	54	66	5	2.0	6.25	5
8	6	131	58	73	5	3.0	9.375	10	58	25	33	5	4.0	12.5	7	146	64	82	5	1.0	3.125	5
8	7	141	64	77	5	3.0	9.375	6	131	58	73	5	3.0	9.375	6	136	60	76	5	2.0	6.25	5
8	5	51	20	31	5	3.0	9.375	8	147	66	81	5	3.0	9.375	5	125	56	69	5	2.0	6.25	4
8	6	127	57	70	5	3.0	9.375	7	134	61	73	5	3.0	9.375	7	117	55	62	5	2.0	6.25	4
8	6	130	58	72	5	2.0	6.25	7	130	59	71	5	3.0	9.375	7	128	57	71	5	2.0	6.25	4
8	6	131	58	73	5	3.0	9.375	6	131	58	73	5	3.0	9.375	7	146	64	82	5	2.0	6.25	5
8	5	129	58	71	5	3.0	9.375	7	141	66	75	5	3.0	9.375	5	126	56	70	5	2.0	6.25	4
9	9	246	110	136	5	2.0	6.25	12	193	84	109	5	2.0	6.25	9	248	111	137	5	1.0	3.125	4
9	6	130	58	72	5	2.0	6.25	5	125	56	69	5	2.0	6.25	6	121	55	66	5	1.0	3.125	5
9	6	130	58	72	5	2.0	6.25	12	187	81	106	5	2.0	6.25	12	208	91	117	5	1.0	3.125	5
9	14	188	85	103	5	3.0	9.375	5	125	56	69	5	2.0	6.25	14	187	84	103	5	2.0	6.25	4
9	7	130	58	72	5	3.0	9.375	6	134	60	74	5	2.0	6.25	6	134	60	74	5	1.0	3.125	5
9	6	129	58	71	5	3.0	9.375	6	129	58	71	5	3.0	9.375	7	140	62	78	5	2.0	6.25	5
9	6	131	58	73	5	3.0	9.375	9	246	110	136	5	2.0	6.25	6	133	58	75	5	2.0	6.25	5
9	7	117	55	62	5	2.0	6.25	6	130	58	72	5	3.0	9.375	6	126	56	70	5	2.0	6.25	3
9	6	130	58	72	5	2.0	6.25	6	129	58	71	5	3.0	9.375	10	163	74	89	5	2.0	6.25	5
10	6	134	59	75	5	2.0	6.25	10	157	71	86	5	1.0	3.125	10	152	71	81	5	0.0	0.0	3
10	6	131	58	73	5	2.0	6.25	7	117	55	62	5	2.0	6.25	6	135	59	76	5	1.0	3.125	5
10	8	159	70	89	5	2.0	6.25	6	126	57	69	5	2.0	6.25	6	128	58	70	5	1.0	3.125	5
10	10	157	71	86	5	1.0	3.125	6	126	57	69	5	2.0	6.25	6	109	50	59	5	1.0	3.125	3
10	6	123	55	68	5	1.0	3.125	12	186	81	105	5	2.0	6.25	12	247	108	139	5	1.0	3.125	5
11	6	109	50	59	5	1.0	3.125	6	121	55	66	5	1.0	3.125	6	121	54	67	5	0.0	0.0	3
11	12	188	81	107	5	2.0	6.25	10	156	70	86	5	1.0	3.125	12	190	82	108	5	1.0	3.125	4
11	6	101	46	55	5	2.0	6.25	10	159	71	88	5	1.0	3.125	10	147	68	79	5	0.0	0.0	3
11	9	246	110	136	5	2.0	6.25	6	130	58	72	5	2.0	6.25	6	133	59	74	5	1.0	3.125	5
12	6	123	55	68	5	1.0	3.125	6	121	55	66	5	1.0	3.125	6	122	56	66	5	0.0	0.0	5
12	6	121	55	66	5	1.0	3.125	10	170	76	94	5	1.0	3.125	6	111	50	61	5	0.0	0.0	2
12	10	179	80	99	5	1.0	3.125	6	126	56	70	5	1.0	3.125	6	112	52	60	5	0.0	0.0	4
12	10	170	76	94	5	1.0	3.125	6	133	58	75	5	1.0	3.125	6	129	56	73	5	0.0	0.0	4
12	12	167	74	93	5	1.0	3.125	10	158	71	87	5	1.0	3.125	10	151	71	80	5	0.0	0.0	3
12	6	128	58	70	5	1.0	3.125	6	126	56	70	5	1.0	3.125	6	129	58	71	5	0.0	0.0	5
12	7	145	64	81	5	1.0	3.125	12	218	94	124	5	1.0	3.125	7	142	62	80	5	0.0	0.0	4
13	6	121	55	66	5	1.0	3.125	10	166	74	92	5	1.0	3.125	12	223	99	124	5	0.0	0.0	4
13	6	121	55	66	5	1.0	3.125	7	142	63	79	5	1.0	3.125	7	128	57	71	5	0.0	0.0	3
